402 -16.000000 0.000000 -55.000000
409 -16.000000 0.000000 -55.000000
411 -16.000000 0.000000 -55.000000
419 -16.000000 0.000000 -55.000000
423 -16.000000 0.000000 -55.000000
434 -16.000000 0.000000 -55.000000
424 -16.000000 0.000000 -55.000000
429 -16.000000 0.000000 -55.000000
415 -16.000000 0.000000 -55.000000
442 -16.000000 0.000000 -55.000000
451 -16.000000 0.000000 -55.000000
458 -16.000000 0.000000 -55.000000
470 -16.000000 0.000000 -55.000000
539 -16.000000 0.000000 -55.000000
477 -16.000000 0.000000 -55.000000
483 -16.000000 0.000000 -55.000000
489 -16.000000 0.000000 -55.000000
495 -16.000000 0.000000 -55.000000
491 -16.000000 0.000000 -55.000000
494 -16.000000 0.000000 -55.000000
502 -16.000000 0.000000 -55.000000
503 -16.000000 0.000000 -55.000000
506 -16.000000 0.000000 -55.000000
565 -16.000000 0.000000 -55.000000
516 -16.000000 0.000000 -55.000000
527 -16.000000 0.000000 -55.000000
535 -16.000000 0.000000 -55.000000
568 -16.000000 0.000000 -55.000000
541 -16.000000 0.000000 -55.000000
559 -16.000000 0.000000 -55.000000
560 -16.000000 0.000000 -55.000000
562 -16.000000 0.000000 -55.000000
587 -16.000000 0.000000 -55.000000
602 -16.000000 0.000000 -55.000000
603 -16.000000 0.000000 -55.000000
522 -16.000000 0.000000 -55.000000
461 -16.000000 0.000000 -55.000000
462 -16.000000 0.000000 -55.000000
463 -16.000000 0.000000 -55.000000
521 -16.000000 0.000000 -55.000000
567 -16.000000 0.000000 -55.000000
572 -16.000000 0.000000 -55.000000
575 -16.000000 0.000000 -55.000000
580 -16.000000 0.000000 -55.000000
578 -16.000000 0.000000 -55.000000
531 -16.000000 0.000000 -55.000000
437 -16.000000 0.000000 -55.000000
555 -16.000000 0.000000 -55.000000
588 -16.000000 0.000000 -55.000000
405 -16.000000 0.000000 -55.000000
415 -16.000000 0.000000 -55.000000
421 -16.000000 0.000000 -55.000000
423 -16.000000 0.000000 -55.000000
437 -16.000000 0.000000 -55.000000
445 -16.000000 0.000000 -55.000000
467 -16.000000 0.000000 -55.000000
471 -16.000000 0.000000 -55.000000
474 -16.000000 0.000000 -55.000000
475 -16.000000 0.000000 -55.000000
480 -16.000000 0.000000 -55.000000
492 -16.000000 0.000000 -55.000000
500 -16.000000 0.000000 -55.000000
507 -16.000000 0.000000 -55.000000
508 -16.000000 0.000000 -55.000000
515 -16.000000 0.000000 -55.000000
518 -16.000000 0.000000 -55.000000
558 -16.000000 0.000000 -55.000000
575 -16.000000 0.000000 -55.000000
579 -16.000000 0.000000 -55.000000
584 -16.000000 0.000000 -55.000000
443 -16.000000 0.000000 -55.000000